"Means" <- structure(c(98.08878085425145,285.85218896881975,536.7136982924031,859.8487014749394,1299.9585917704935,1344.7801876830974,1292.210818144186,1405.0938403929024,1597.4769040981273,1659.8566117847477,1751.6080564639637,1416.817050423167,1461.2793292579995,1481.2701030479811,1781.1498629626717,1287.310826248076,1428.324324588073,1529.453267756958,1214.67157489083,1412.621073091163,1391.110128961538,1509.1194301023304,1314.3949719591794,1512.9717583854947,1474.8628848532037,1571.465155566892,1384.6036521220583,1554.5483476423638,1477.9208376189194,1492.212560951665,1497.9774694961745,1772.2111621503439,1581.9121361917948,1550.4760097367703,1575.352728677201,1465.0530280282148,1183.9557326204565,1391.8375076876075,1693.9213666465996,1630.708796688122,1428.8765266226353,1234.9320107552448,988.2040962448314,717.8890010103686,487.74935111350356,289.7610489573177,165.92524774572576,141.07185543615978,89.59096474459162,50.51002267139083,61.738849056318955,61.10880240408683,64.62534012955877,62.47452116453463,57.54421905279045,60.29748668886423,71.61587688767553,54.419218540187615,50.2215137871844,58.84727934035934,62.478055713787214,1311.9565145687536,1602.1218222665416,1635.739268120639,1619.8688736314812,1715.6657326312895,1501.3010555067392,1679.1685202691965,1510.7689495109953,1412.8199985726485,1634.189929090783,1432.198893590534,1482.2843342372246,1387.0601133868256,1537.31628379177,1470.3707447832178,1594.6334182565113,1690.2291282068666,1636.7433713665735,1418.0674963058539,1792.6330410499872,1469.5479194811064,1363.9731296359867,980.242868992597,593.1710809903103,430.5140580829326,259.2396935344037,172.64518740241004,114.34615080461255,76.08243830900162,54.410610960130654,51.952779878168855,65.41881344312824,66.11879891154393,61.522629753694815,67.75979751281734,65.39798463066555,64.64389776594132,65.4092065143121,54.02923164141679,62.995774661661706,61.9473067936742,63.822506843338765,62.477468183466954,71.47686614552046,58.629651794408154,52.12757156158628,66.45302692357662,58.970402242114574,66.22821066623304,71.61115095611707,66.76970043918514,66.48274793128542,66.63566037993066,56.96615639420799,56.530917142141284,70.38036040587144,57.356953306581815,73.37190190112358,71.31816649980316,76.3537286527851,65.49621421078567
), .Dim=c(61, 2, 1))
"evnT" <- structure(c(0,20,40,60,0,20,40,60
), .Dim=c(4, 2))
"stsl" <- structure(c(61,61
), .Dim=c(1, 2))
"Nsp" <- structure(c(4,4
), .Dim=c(1, 2))
"sts" <- structure(c(0,1,2,3,4,5,6,7,8,9,10,11,12,13,14,15,16,17,18,19,20,21,22,23,24,25,26,27,28,29,30,31,32,33,34,35,36,37,38,39,40,41,42,43,44,45,46,47,48,49,50,51,52,53,54,55,56,57,58,59,60,0,1,2,3,4,5,6,7,8,9,10,11,12,13,14,15,16,17,18,19,20,21,22,23,24,25,26,27,28,29,30,31,32,33,34,35,36,37,38,39,40,41,42,43,44,45,46,47,48,49,50,51,52,53,54,55,56,57,58,59,60
), .Dim=c(61, 2))
"obser" <- 1
"obSta" <- structure(c(2
), .Dim=c(1, 1))
"Y0us" <- structure(c(10.0,100.0,500.0,1500.0
), .Dim=c(2, 2))
"ts" <- structure(c(2.0e-9,1.0000000020000002,2.000000002,3.000000002,4.000000002,5.000000002,6.000000002,7.000000002,8.000000002,9.000000002,10.000000002,11.000000002,12.000000002,13.000000002,14.000000002,15.000000002,16.000000002,17.000000002,18.000000002,19.000000002,20.000000002,21.000000002,22.000000002,23.000000002,24.000000002,25.000000002,26.000000002,27.000000002,28.000000002,29.000000002,30.000000002,31.000000002,32.00000000199999,33.00000000199999,34.00000000199999,35.00000000199999,36.00000000199999,37.00000000199999,38.00000000199999,39.00000000199999,40.00000000199999,41.00000000199999,42.00000000199999,43.00000000199999,44.00000000199999,45.00000000199999,46.00000000199999,47.00000000199999,48.00000000199999,49.00000000199999,50.00000000199999,51.00000000199999,52.00000000199999,53.00000000199999,54.00000000199999,55.00000000199999,56.00000000199999,57.00000000199999,58.00000000199999,59.00000000199999,60.00000000199999,2.0e-9,1.0000000020000002,2.000000002,3.000000002,4.000000002,5.000000002,6.000000002,7.000000002,8.000000002,9.000000002,10.000000002,11.000000002,12.000000002,13.000000002,14.000000002,15.000000002,16.000000002,17.000000002,18.000000002,19.000000002,20.000000002,21.000000002,22.000000002,23.000000002,24.000000002,25.000000002,26.000000002,27.000000002,28.000000002,29.000000002,30.000000002,31.000000002,32.00000000199999,33.00000000199999,34.00000000199999,35.00000000199999,36.00000000199999,37.00000000199999,38.00000000199999,39.00000000199999,40.00000000199999,41.00000000199999,42.00000000199999,43.00000000199999,44.00000000199999,45.00000000199999,46.00000000199999,47.00000000199999,48.00000000199999,49.00000000199999,50.00000000199999,51.00000000199999,52.00000000199999,53.00000000199999,54.00000000199999,55.00000000199999,56.00000000199999,57.00000000199999,58.00000000199999,59.00000000199999,60.00000000199999
), .Dim=c(61, 2))
"tsmax" <- structure(c(60,60
), .Dim=c(2))
"tsl" <- structure(c(61,61
), .Dim=c(1, 2))
"nindu" <- 1
"stslm" <- 61
"preInd" <- structure(c(0.0,0.0
), .Dim=c(1, 2))
"tml" <- 61
"elm" <- 3
"Erros" <- structure(c(10.0,25.88388369983076,57.26775932530764,86.0758633050066,107.94007297115769,123.17448521358413,133.30119341837715,139.84171420263576,143.98773586040116,146.582852869805,148.19300949233286,149.18585700081857,149.79534564517564,150.16829749289303,150.39597742192407,150.53473424746582,150.61919196946081,150.67055183151146,150.70176313513204,150.72072068412558,150.7322312282165,150.73921845270607,150.74345816974443,150.746031128487,150.7475924213299,150.7485399405186,150.7491142975912,150.7494627572289,150.7496740142677,150.74980190018613,150.74987957703382,150.74992695306187,150.74995566029537,150.7499730629343,150.74998366373333,150.7499900918179,150.7499939526157,150.74999627371963,150.74999769709916,150.74999858840368,150.74999914293304,131.03007437578984,97.42784099295078,67.32312521178363,44.69521506163151,29.010613431429153,18.62729177306063,11.978788671850063,7.934592852801851,5.901738987658155,5.504685186824375,5.842725310170433,6.107822635688214,6.156426021692588,6.111928589046986,6.072807092269001,6.062501401054114,6.067313401068492,6.072844328589756,6.074667489180917,6.074194937505236,150.0,165.81876882434574,166.86490328985363,163.6583572383992,159.98758950809832,156.9856599614308,154.8164448296141,153.3441791664587,152.38085358379408,151.7649562305745,151.3771919048244,151.13561896524908,150.98622986434654,150.89433220333206,150.8380144281407,150.80359578405657,150.7826029160656,150.76981772752876,150.7620394091596,150.75731098977255,150.75443826585303,131.03277129497573,97.42948598022379,67.32414565245698,44.69590245111574,29.011264425092875,18.628542187696297,11.982742438015853,7.948334539213565,5.9413149460268215,5.575709955356224,5.924576413817814,6.186481940707422,6.230775467600616,6.184679063913441,6.145834467520578,6.136153068320883,6.14124995932038,6.146769336064046,6.148505583003655,6.147985961572996,6.2351819451683985,6.337732997418937,6.370330104330687,6.36079360128577,6.346469056516693,6.340928130665766,6.341695163168944,6.343638722647322,6.344528652183021,6.344502431495942,6.344245059313497,6.344106554516903,6.344098331763853,6.344131430215187,6.344152400029049,6.344155250379302,6.344151142659456,6.344148039236369,6.34414740114886,6.344147884281283
), .Dim=c(61, 2, 1))
"m" <- 2
"inputs" <- structure(c(0.0,0.0,100.0,0.0,60.687908370353384,36.93256431555132
), .Dim=c(3, 2))
