"Means" <- structure(c(1399.3378444282853,1437.1215702646048,1786.0638474161406,1477.2236937337645,1918.5817635194212,1491.355018164503,1578.2023602803329,1608.3099806551327,1176.7844378907146,1288.2614521884059,1496.470933084016,1413.1424715850633,1248.3081408483824,1453.092781682155,1138.796108377207,1558.562180396539,1488.2499178536177,1471.3593809270737,1584.7904230396932,1189.4614744833252,1344.1997866294453,1390.6098015204846,1046.5844838288967,670.4321979133887,454.71730714718814,350.8531127892847,354.32539592738874,380.4375999643479,331.561230186704,372.17751228435185,357.8560745236096,339.2414919362861,428.7366476435675,351.9825546364024,316.99349131591975,337.6379813584081,346.90961873116305,311.3690323598879,341.6881852580783,374.45154426575704,352.5394146412503,442.1906269889309,836.510096638426,1127.4367037563957,1033.9486609003707,1024.618715912095,1357.9766444398022,1814.050698140395,1468.7473788412772,1460.941756551281,1649.008630740376,1306.832259369486,1571.723949198393,1438.8312445843592,1364.0682883594664,1382.4358296748617,1496.2674279884025,1383.5560286092928,1696.0997055305577,1456.7347365637038,1501.4891888618101
), .Dim=c(61, 1, 1))
"evnT" <- structure(c(0,20,40,60
), .Dim=c(4, 1))
"stsl" <- structure(c(61
), .Dim=c(1, 1))
"Nsp" <- structure(c(4
), .Dim=c(1, 1))
"sts" <- structure(c(0,1,2,3,4,5,6,7,8,9,10,11,12,13,14,15,16,17,18,19,20,21,22,23,24,25,26,27,28,29,30,31,32,33,34,35,36,37,38,39,40,41,42,43,44,45,46,47,48,49,50,51,52,53,54,55,56,57,58,59,60
), .Dim=c(61, 1))
"obser" <- 1
"obSta" <- structure(c(2
), .Dim=c(1, 1))
"Y0us" <- structure(c(500.0,1500.0
), .Dim=c(2, 1))
"ts" <- structure(c(2.0e-9,1.0000000020000002,2.000000002,3.000000002,4.000000002,5.000000002,6.000000002,7.000000002,8.000000002,9.000000002,10.000000002,11.000000002,12.000000002,13.000000002,14.000000002,15.000000002,16.000000002,17.000000002,18.000000002,19.000000002,20.000000002,21.000000002,22.000000002,23.000000002,24.000000002,25.000000002,26.000000002,27.000000002,28.000000002,29.000000002,30.000000002,31.000000002,32.00000000199999,33.00000000199999,34.00000000199999,35.00000000199999,36.00000000199999,37.00000000199999,38.00000000199999,39.00000000199999,40.00000000199999,41.00000000199999,42.00000000199999,43.00000000199999,44.00000000199999,45.00000000199999,46.00000000199999,47.00000000199999,48.00000000199999,49.00000000199999,50.00000000199999,51.00000000199999,52.00000000199999,53.00000000199999,54.00000000199999,55.00000000199999,56.00000000199999,57.00000000199999,58.00000000199999,59.00000000199999,60.00000000199999
), .Dim=c(61, 1))
"tsmax" <- 60
"tsl" <- structure(c(61
), .Dim=c(1, 1))
"nindu" <- 1
"stslm" <- 61
"preInd" <- structure(c(0.0
), .Dim=c(1, 1))
"tml" <- 61
"elm" <- 3
"Erros" <- structure(c(150.0,164.5737545093267,163.2721447323064,157.97450502476568,152.9257793300202,149.21155626995946,146.78733583118523,145.3166676814826,144.47005413804916,144.0028106415052,143.754355829413,143.62685804736145,143.5637884839692,143.53383977040426,143.52030644526815,143.51458572177305,143.51240554745357,143.51172816677357,143.51162759020207,143.5117088505385,143.51181965469365,124.8537878204964,93.17070915855062,65.23557624707813,45.67359682228934,35.53950308968228,33.4468193504442,34.93860154738203,36.35156217103197,36.78717769538878,36.67191565839814,36.48084547714671,36.39293825732984,36.390397880811086,36.412778290399025,36.42734272955262,36.43027662385689,36.42812768812324,36.425994617260024,36.42525672952517,36.42538028356506,51.455389930675864,77.06592415166195,100.01089749484751,117.25788386611333,129.21504533708594,137.13977750338307,142.24847529145254,145.48280157710346,147.5055133877373,148.75975640251082,149.53280778184788,150.00722047810422,150.29745263712832,150.4746045264562,150.58255449367886,150.64825491829163,150.68820567189596,150.71248261690204,150.72722781541117,150.73618044347407
), .Dim=c(61, 1, 1))
"m" <- 1
"inputs" <- structure(c(0.7200466888871013,2.967802771385563,0.0
), .Dim=c(3, 1))
