"Means" <- structure(c(81.7028722978601,237.32845586267467,694.5972394176139,873.5685416852109,1220.1555921302186,1245.3931925094241,1420.9948832463688,1502.1738958951744,1210.6398823931277,1567.7063400769453,1427.5514769616836,1412.912034059786,1397.4493602578827,1461.238691594148,1536.6648149300809,1518.3008656071727,1539.837869134984,1717.9610349255902,1635.223039906837,1605.506036172004,1733.4529037007505,1386.4524221168506,1126.7348257636647,568.1530703841642,419.2565234806177,264.53346997318533,188.24689111298184,121.89020964324999,89.8039453626049,48.15082396321093,52.37134062655774,56.0715038428688,55.17231517207018,64.59706173333558,58.93863005094352,45.40533777867746,67.52898016828158,62.48643449166059,61.00669235525051,55.74418539739273,59.87960937431588,267.09932366361005,554.2558426016521,870.3443484732967,1039.0577601422212,1169.8191392550857,1317.035684451125,1644.8024089154405,1282.8952448916582,1467.021967448072,1505.5485057684311,1355.3995625183334,1241.6635958682757,1511.6080962297426,1702.1931386911203,1659.4488622360739,1167.8651529291535,1446.2588705851706,1376.2211806779874,1276.0083656609015,1510.4458840888992,1601.036226816967,1462.0424627450273,1382.3577214824718,667.1393588296294,521.1459707247126,405.02923184414055,229.60200260988006,128.9798471997886,106.46383915547084,56.28615287869813,58.06794006391904,53.73730177680726,64.67320019435986,63.110181803773855,51.53490713437711,61.64570032424246,69.14998172581492,67.125743867305,55.6540052230243,63.846098748823586,61.8154245084339,243.6835883353705,634.5059294568409,783.110967835755,1135.8412004254367,1026.6783177925274,1353.0098999768977,1590.5107660438334,1683.106163380914,1562.4358116579551,1583.3122696207306,1588.641925982209,1367.1031420707702,1606.0444150078024,1392.0422925028438,1524.103733100401,1698.2672716277254,1499.1547263551254,1467.807652433585,1521.2293425954567,1695.388781054975,1396.684688111185,993.8204591279436,658.8441650416504,435.1779240959122,358.35077911310606,206.97857777223078,116.39045147862284,69.73507367604543,63.26828805108242,48.35459484824261,64.63192773766595,58.433067733412074,73.89693676688255,48.56785839946606,56.06658290121156,62.45305928860929,66.32685193459668,58.9415469934259,68.53712373565905,58.88133065363654
), .Dim=c(61, 2, 1))
"evnT" <- structure(c(0,20,40,60,0,20,40,60
), .Dim=c(4, 2))
"stsl" <- structure(c(61,61
), .Dim=c(1, 2))
"Nsp" <- structure(c(4,4
), .Dim=c(1, 2))
"sts" <- structure(c(0,1,2,3,4,5,6,7,8,9,10,11,12,13,14,15,16,17,18,19,20,21,22,23,24,25,26,27,28,29,30,31,32,33,34,35,36,37,38,39,40,41,42,43,44,45,46,47,48,49,50,51,52,53,54,55,56,57,58,59,60,0,1,2,3,4,5,6,7,8,9,10,11,12,13,14,15,16,17,18,19,20,21,22,23,24,25,26,27,28,29,30,31,32,33,34,35,36,37,38,39,40,41,42,43,44,45,46,47,48,49,50,51,52,53,54,55,56,57,58,59,60
), .Dim=c(61, 2))
"obser" <- 1
"obSta" <- structure(c(2
), .Dim=c(1, 1))
"Y0us" <- structure(c(10.0,100.0,500.0,1500.0
), .Dim=c(2, 2))
"ts" <- structure(c(2.0e-9,1.0000000020000002,2.000000002,3.000000002,4.000000002,5.000000002,6.000000002,7.000000002,8.000000002,9.000000002,10.000000002,11.000000002,12.000000002,13.000000002,14.000000002,15.000000002,16.000000002,17.000000002,18.000000002,19.000000002,20.000000002,21.000000002,22.000000002,23.000000002,24.000000002,25.000000002,26.000000002,27.000000002,28.000000002,29.000000002,30.000000002,31.000000002,32.00000000199999,33.00000000199999,34.00000000199999,35.00000000199999,36.00000000199999,37.00000000199999,38.00000000199999,39.00000000199999,40.00000000199999,41.00000000199999,42.00000000199999,43.00000000199999,44.00000000199999,45.00000000199999,46.00000000199999,47.00000000199999,48.00000000199999,49.00000000199999,50.00000000199999,51.00000000199999,52.00000000199999,53.00000000199999,54.00000000199999,55.00000000199999,56.00000000199999,57.00000000199999,58.00000000199999,59.00000000199999,60.00000000199999,2.0e-9,1.0000000020000002,2.000000002,3.000000002,4.000000002,5.000000002,6.000000002,7.000000002,8.000000002,9.000000002,10.000000002,11.000000002,12.000000002,13.000000002,14.000000002,15.000000002,16.000000002,17.000000002,18.000000002,19.000000002,20.000000002,21.000000002,22.000000002,23.000000002,24.000000002,25.000000002,26.000000002,27.000000002,28.000000002,29.000000002,30.000000002,31.000000002,32.00000000199999,33.00000000199999,34.00000000199999,35.00000000199999,36.00000000199999,37.00000000199999,38.00000000199999,39.00000000199999,40.00000000199999,41.00000000199999,42.00000000199999,43.00000000199999,44.00000000199999,45.00000000199999,46.00000000199999,47.00000000199999,48.00000000199999,49.00000000199999,50.00000000199999,51.00000000199999,52.00000000199999,53.00000000199999,54.00000000199999,55.00000000199999,56.00000000199999,57.00000000199999,58.00000000199999,59.00000000199999,60.00000000199999
), .Dim=c(61, 2))
"tsmax" <- structure(c(60,60
), .Dim=c(2))
"tsl" <- structure(c(61,61
), .Dim=c(1, 2))
"nindu" <- 1
"stslm" <- 61
"preInd" <- structure(c(0.0,0.0
), .Dim=c(1, 2))
"tml" <- 61
"elm" <- 3
"Erros" <- structure(c(10.0,25.88388369983076,57.26775932530764,86.0758633050066,107.94007297115769,123.17448521358413,133.30119341837715,139.84171420263576,143.98773586040116,146.582852869805,148.19300949233286,149.18585700081857,149.79534564517564,150.16829749289303,150.39597742192407,150.53473424746582,150.61919196946081,150.67055183151146,150.70176313513204,150.72072068412558,150.7322312282165,131.01929316560515,97.42129991040674,67.31915703777187,44.69280807211797,29.009154037777353,18.62640901267495,11.978261941265327,7.934302439200022,5.901634808548654,5.504703135906248,5.842761242618857,6.107835644277868,6.156423569565706,6.1119236048802685,6.072804879843036,6.062501508014388,6.067314060324499,6.072844674553386,6.07466750701704,6.074194851704204,25.093770013198633,57.503416860397124,86.54001566912662,108.36592852807992,123.49763264208414,133.5263325330648,139.99136157943096,144.08438489302077,146.64411703533275,148.23135592809166,149.20964902861107,149.81001590101832,150.1773032693412,150.4014881468257,150.53809844379325,150.62124224586472,150.67179977053908,150.70252192279915,150.7211818554502,150.73251136135548,150.0,146.09883691987645,113.54269614727014,80.2312972009253,53.93215439413798,35.24393046982271,22.684998169611095,14.540011958312343,9.446494142977535,6.5666888568378114,5.5211563752278465,5.671653398303697,6.021120433274864,6.155105509807244,6.134821076671741,6.086436757422841,6.064039813661721,6.064470387489895,6.070816165522903,6.074292102941118,6.0745345410933655,25.094186089422195,57.50376360192355,86.54026838592455,108.3661008634478,123.49774573035677,133.52640497205923,139.99140724427102,144.08441336691712,146.64413465435243,148.2313667708803,149.20965567538778,149.81001996486458,150.17730574848446,150.40148965675928,150.5380993623556,150.62124280419377,150.67180011055294,150.70252212911709,150.72118198069242,150.73251143648775,131.01946329941077,97.42140318152097,67.31921970961116,44.692846097103015,29.009177096921206,18.62642296290601,11.978270266066456,7.934307029491973,5.9016364560496815,5.504702852579411,5.8427606742886,6.107835438368361,6.156423608358429,6.11192368373577,6.072804914818631,6.062501506433574,6.067314049897164,6.072844669082237,6.0746675067568034,6.074194853046448
), .Dim=c(61, 2, 1))
"m" <- 2
"inputs" <- structure(c(0.0,100.0,0.0,100.0,0.0,100.0
), .Dim=c(3, 2))
