"Means" <- structure(c(2945.277876,2245.264226,2831.627605,3016.123739,4677.280946,5547.761017,7051.122841,7858.809455,8170.645995,10456.63875,12557.3987,12024.11463,13790.71059,13719.9865,14894.71395,20399.21625,18945.14981,18449.59621,18555.83699,20368.56986,19491.68241,20983.21859,21965.61476,21740.0423,22667.8629,18914.50523,22800.35635,21669.75373,21964.02593,26896.04045,27842.39027,24661.90207,25557.9005,27235.28984,24033.96002,28241.29359,28274.14166,27400.02488,26660.33338,26818.98835,29558.28823,25978.77823,26133.53416,26700.39651,23708.53381,23336.68306,26565.10994,25602.11788,27329.24349,25186.32626,25474.66266,26443.85548,22040.33931,26084.10448,28333.90448,29345.20441,26560.9499,28495.54065,30835.08426,26985.38249,28857.30274,31279.33367,28963.13394,27552.56037,28317.81554,27643.20488,29762.80667,22786.78663,24719.35712,24154.31561,25829.46153,24018.08309,26255.66261,26769.68701,29537.49769,24464.14231,25782.99613,28464.5715,28571.1468,29679.64697,27883.95325,24003.46651,29388.83569,24378.71375,26590.70863,28630.41591,25733.26026,30529.75045,24164.3979,24514.3819,25776.70602,24573.77197,22612.99384,25501.49406,25725.54194,25086.9628,28708.5304,22453.63809,24333.65384,25197.08202,23362.35458,27566.35851,25810.44843,25653.14989,31724.9781,34586.5914,33456.47882,31367.91845,35200.61161,37357.15896,41966.22861,38680.77198,40993.55334,41036.06083,41749.46626,36248.1757,44512.6574,35900.73453,42889.09574,47897.83091,46428.98236,44941.48361,36440.35355,46507.18161,46690.84469,49215.71473,47558.44426,49577.68566,50874.1354,45831.97959,47005.59397,45500.24082,44233.13035,49986.68524,49663.71373,51118.08041,44615.76764,54024.21595,48794.23713,51940.66923,52634.98479,44668.54913,47791.42539,53603.4005,56528.34058,49605.83583,40010.84314,52461.33801,52159.82238,45135.38743,50344.45048,49287.28937,56904.42174,43050.5539,47928.62762,36199.16184,54754.43078,60222.56131,46082.26107,54681.0571,53929.29994,63591.46721,52543.96004,55401.04545,38916.25623,52950.60986,53969.89303,53464.1754,45180.22558,51596.87965,48259.07546,53256.03038,52293.47248,50250.59278,40052.27404,54010.39902,50321.62069,41330.89673,54337.03885,45591.0588,53889.38022,48400.58759,40545.88517,54223.78364,60059.92724,44886.8424,45325.85149,53401.87853,53714.71528,47569.99075,48978.52117,49061.32594,51895.61973,49754.25473,48405.70793,56845.94022,50976.20671,54627.52915,42209.4968,49045.35465,50642.1314,52864.49458,40270.61867,52110.93477,42404.21983,46944.70361,42504.43279,41940.80631,34246.13957,32739.82991,32836.09117,31321.58312,30351.32469,25743.51921,26005.12744,24729.92084,23718.18001,20568.46068,19389.1544,15074.92027,14095.00313,12532.78284,14062.2754,10677.73691,12504.97877,10080.4392,11951.47988,9184.865929,8789.711706,8221.730594,10666.28083,7779.237211,9194.605654,7217.246996,7448.548896,8469.31108,8092.131524,8102.716109,6360.194556,7880.305873,7676.025413,7995.435448,6347.850586,6834.892094,7434.712743,6616.943887,6294.317454,6102.936421,6785.21576,6028.419788,6146.121765,7102.052562,5942.775847,6300.748471,5183.695352,6156.326032,4904.89008,5581.088538,4812.39146,6376.563613,5991.436025,6754.373577,5008.868273,6858.368476,5646.477377,6196.857003,6262.283255,7040.685041,7161.259145,6495.088005,6021.694354,6660.587476,6358.983433,6187.479735,5855.273954,5489.24032,6674.513472,6520.654685,5827.535264,6307.937687,6506.444621,6303.683979,6451.683488,7277.104578,5773.683883,6057.799286,6486.450217,6129.914534,2382.202774,2601.881585,3915.752199,7497.70435,9578.829633,14933.94477,17787.53794,21681.67284,21459.85283,23228.22504,26691.86202,31967.04023,29282.56024,37765.1042,32963.80389,29394.51677,36726.50433,31105.6215,33429.07631,36578.55061,39751.91293,34660.13684,25879.17775,33854.20733,34595.19032,34771.14925,37583.23933,30307.13351,32497.2021,33822.72508,31627.47933,37993.39882,31298.60065,34794.21084,42582.82457,25893.73541,31339.85222,38544.62209,33775.0942,37017.05961,32458.24971,36750.02372,34024.61026,35851.3912,39765.14424,27295.40897,38521.52013,32206.10937,33647.03875,34712.27555,35961.34122,35416.69679,29028.48142,26813.869,31355.21338,33224.0303,29276.85052,39156.38671,34614.08399,30556.93766,29662.27143,35533.63277,31115.89244,39656.38955,32192.22666,31321.42058,30933.08238,36090.66613,32088.85587,32616.99159,33479.93826,28985.89005,26728.85781,39659.25005,29098.8211,37249.63789,39289.17822,36589.2495,35616.05946,29203.5742,37648.40656,34477.78845,35852.51457,29766.21898,39170.80169,38509.37814,36059.15247,42889.13182,31015.19232,33188.06574,31917.23955,26937.49169,35707.92303,34179.70281,30940.3821,33336.60082,39530.00097,38773.78343,37072.59268,28760.14949,34867.74609,31981.51417,34367.91442,31341.28696,37054.44204,36506.65516,26769.47984,33157.96319,29263.94497,38456.74601,33690.20232,28592.08223,29956.01463,29723.87833,35224.136,34561.43189,32660.04559,33028.05234,35297.02677,37927.29517,37248.45827,35094.30246,33045.53622,33498.16768,35319.36572,36043.25663,32718.73918,33169.84765,34342.11575,29428.62814,33626.7835,30356.88378,33750.01217,38191.46005,31974.29642,34306.86759,27560.25809,26877.98681,30257.82609,36919.1092,30296.44055,36822.73505,33578.81429,32042.7124,0.0,0.0,0.0,0.0,0.0,0.0,0.0,0.0,0.0,0.0,0.0,0.0,0.0,0.0,0.0,0.0,0.0,0.0,0.0,0.0,0.0,0.0,0.0,0.0,0.0,0.0,0.0,0.0,0.0,0.0,0.0,0.0,0.0,0.0,0.0,0.0,0.0,0.0,0.0,0.0,0.0,0.0,0.0,0.0,0.0,0.0,0.0,0.0,0.0,0.0,0.0,0.0,0.0,0.0,0.0,0.0,0.0,0.0,0.0,0.0,0.0,0.0,0.0,0.0,0.0,0.0,0.0,0.0,0.0,0.0,0.0,0.0,0.0,0.0,0.0,0.0,0.0,0.0,0.0,0.0,0.0,0.0,0.0,0.0,0.0,0.0,0.0,0.0,0.0,0.0,0.0,0.0,0.0,0.0,0.0,0.0,0.0,0.0,0.0,0.0,0.0,0.0,0.0,0.0,0.0,0.0,0.0,0.0,0.0,0.0,0.0,0.0,0.0,0.0,0.0,0.0,0.0,0.0,0.0,0.0,0.0,0.0,0.0,0.0,0.0,0.0,0.0,0.0,0.0,0.0,0.0,0.0,0.0,0.0,0.0,0.0,0.0,0.0,0.0,0.0,0.0,0.0,0.0,0.0
), .Dim=c(288, 2, 1))
"evnT" <- structure(c(0,500,1000,1439,0,1439,0,0
), .Dim=c(4, 2))
"stsl" <- structure(c(288,144
), .Dim=c(1, 2))
"Nsp" <- structure(c(4,2
), .Dim=c(1, 2))
